c 10.0 0.0001 1.2 2.5
s 83.0 166.0 117.0 167.0 
d 75.0 170.0 139.0 163.0
s 96.0 154.0 108.0 153.0 
d 90.0 148.0 116.0 146.0
s 98.0 188.0 114.0 186.0 
d 101.0 189.0 130.0 183.0
s 161.0 56.0 163.0 105.0 
d 151.0 70.0 165.0 124.0
s 50.0 35.0 34.0 91.0 
d 54.0 66.0 44.0 124.0
s 79.0 39.0 136.0 39.0 
d 70.0 42.0 136.0 45.0
s 102.0 95.0 103.0 135.0 
d 100.0 92.0 102.0 128.0
s 115.0 98.0 144.0 97.0 
d 111.0 93.0 132.0 93.0
s 55.0 96.0 88.0 97.0 
d 69.0 95.0 87.0 94.0
s 56.0 80.0 88.0 79.0 
d 112.0 79.0 132.0 79.0
s 117.0 76.0 144.0 81.0 
d 66.0 80.0 87.0 79.0
s 159.0 144.0 139.0 193.0 
d 169.0 160.0 149.0 200.0
s 118.0 206.0 83.0 208.0 
d 125.0 208.0 89.0 212.0
s 33.0 152.0 57.0 198.0 
d 48.0 176.0 69.0 202.0
s 123.0 132.0 130.0 153.0 
d 127.0 118.0 152.0 130.0
s 82.0 132.0 71.0 152.0 
d 78.0 120.0 58.0 147.0
